a1=3; 
a2=2.5; 
a3=a1+a2 
 
a3 = 
 
    5.5000 
 
save work-1 
quit
